
2021/0/23 19:53:49,466,481,450,495,462
2021/0/23 19:53:49,466,482,451,496,462
2021/0/23 19:53:50,468,484,451,496,462
2021/0/23 19:53:50,468,483,451,496,462
2021/0/23 19:53:51,466,482,451,496,462
2021/0/23 19:53:51,466,482,451,496,462
2021/0/23 19:53:52,466,482,452,496,462
2021/0/23 19:53:53,466,482,451,496,462
2021/0/23 19:53:53,466,482,451,496,462
2021/0/23 19:53:54,466,482,452,496,462
2021/0/23 19:53:54,466,482,451,496,462
2021/0/23 19:53:55,466,482,452,496,462
2021/0/23 19:53:55,468,484,451,496,461
2021/0/23 19:53:56,465,482,452,496,462
2021/0/23 19:53:56,466,482,451,496,462
2021/0/23 19:53:57,468,483,451,496,462
2021/0/23 19:53:57,468,483,451,496,462
2021/0/23 19:53:58,466,482,452,496,462
2021/0/23 19:53:58,466,482,451,496,462
2021/0/23 19:53:59,466,482,452,496,462
2021/0/23 19:53:59,466,482,451,496,462
2021/0/23 19:54:0,466,482,451,496,463
2021/0/23 19:54:0,466,482,452,496,462
2021/0/23 19:54:1,466,482,452,496,462
2021/0/23 19:54:1,466,482,452,496,463
2021/0/23 19:54:2,466,482,452,496,462
2021/0/23 19:54:2,466,482,451,496,462
2021/0/23 19:54:3,466,482,451,496,462
2021/0/23 19:54:3,466,482,451,496,463
2021/0/23 19:54:4,468,484,452,496,461
2021/0/23 19:54:4,465,482,452,496,462
2021/0/23 19:54:5,468,484,451,496,460
2021/0/23 19:54:6,466,482,452,496,462
2021/0/23 19:54:6,466,482,451,496,462
2021/0/23 19:54:7,466,482,451,496,462
2021/0/23 19:54:7,466,482,452,496,462
2021/0/23 19:54:8,468,483,452,496,462
2021/0/23 19:54:8,468,484,452,496,462
2021/0/23 19:54:9,466,482,452,496,462
2021/0/23 19:54:9,466,482,452,496,462
2021/0/23 19:54:10,466,482,452,496,462
2021/0/23 19:54:10,466,482,451,496,462
2021/0/23 19:54:11,468,483,451,496,462
2021/0/23 19:54:11,468,484,452,496,462
2021/0/23 19:54:12,466,482,452,496,462
2021/0/23 19:54:12,466,482,451,496,463
2021/0/23 19:54:13,466,482,452,496,462
2021/0/23 19:54:13,466,482,451,496,463
2021/0/23 19:54:14,468,484,451,496,461
2021/0/23 19:54:14,468,484,452,496,462
2021/0/23 19:54:15,468,484,452,496,460
2021/0/23 19:54:15,466,482,452,496,462
2021/0/23 19:54:16,466,482,452,496,463
2021/0/23 19:54:16,466,482,452,496,462
2021/0/23 19:54:17,466,482,451,496,462
2021/0/23 19:54:18,466,482,452,496,462
2021/0/23 19:54:18,466,482,452,496,463
2021/0/23 19:54:19,466,482,452,496,462
2021/0/23 19:54:19,466,482,452,496,462
2021/0/23 19:54:20,466,482,452,496,462
2021/0/23 19:54:20,466,482,452,496,462
2021/0/23 19:54:21,466,482,452,496,462
2021/0/23 19:54:21,466,482,451,496,462
2021/0/23 19:54:22,468,484,452,496,462
2021/0/23 19:54:22,467,484,452,496,462
2021/0/23 19:54:23,466,482,452,496,462
2021/0/23 19:54:23,466,482,452,496,462
2021/0/23 19:54:24,468,484,452,496,460
2021/0/23 19:54:24,466,482,452,496,462
2021/0/23 19:54:25,468,484,452,496,461
2021/0/23 19:54:25,466,482,452,496,462
2021/0/23 19:54:26,466,482,452,496,462
2021/0/23 19:54:26,466,482,452,496,462
2021/0/23 19:54:27,466,482,452,496,462
2021/0/23 19:54:27,466,482,452,496,462
2021/0/23 19:54:28,466,482,452,496,463
2021/0/23 19:54:28,468,483,451,496,462
2021/0/23 19:54:29,468,483,451,496,462
2021/0/23 19:54:29,466,482,452,496,463
2021/0/23 19:54:30,466,482,452,496,462
2021/0/23 19:54:31,466,482,452,496,463
