2021/0/23 19:46:32,466,480,454,497,462
2021/0/23 19:46:32,466,480,453,497,462
2021/0/23 19:46:33,467,482,453,497,462
2021/0/23 19:46:33,467,482,453,496,462
2021/0/23 19:46:34,468,482,453,497,461
2021/0/23 19:46:35,466,480,453,497,462
2021/0/23 19:46:35,465,480,452,497,463
2021/0/23 19:46:36,466,480,453,496,462
2021/0/23 19:46:36,466,480,445,502,462
2021/0/23 19:46:37,465,480,447,496,463
2021/0/23 19:46:37,466,481,448,494,463
2021/0/23 19:46:38,466,480,29,456,462
2021/0/23 19:46:38,465,480,447,492,463
2021/0/23 19:46:39,466,480,25,444,462
2021/0/23 19:46:39,466,480,26,444,463
2021/0/23 19:46:40,465,480,452,493,462
2021/0/23 19:46:40,466,480,25,481,463
2021/0/23 19:46:41,466,480,447,494,462
2021/0/23 19:46:41,466,480,26,453,462
2021/0/23 19:46:42,466,480,422,494,462
2021/0/23 19:46:42,466,480,26,428,462
2021/0/23 19:46:43,465,480,446,494,461
2021/0/23 19:46:43,466,480,26,444,462
2021/0/23 19:46:44,467,482,452,493,462
2021/0/23 19:46:44,466,480,71,468,462
2021/0/23 19:46:45,466,480,306,489,462
2021/0/23 19:46:45,466,480,26,480,462
2021/0/23 19:46:46,466,480,427,492,462
2021/0/23 19:46:47,466,480,38,482,462
2021/0/23 19:46:47,466,480,406,493,462
2021/0/23 19:46:48,468,482,64,473,462
2021/0/23 19:46:48,468,482,451,495,462
2021/0/23 19:46:49,466,480,451,494,462
2021/0/23 19:46:49,466,480,452,496,462
2021/0/23 19:46:50,466,480,452,496,462
2021/0/23 19:46:50,466,481,452,497,462
2021/0/23 19:46:51,468,482,452,496,462
2021/0/23 19:47:14,467,482,452,496,461
2021/0/23 19:47:14,465,480,452,497,463
2021/0/23 19:47:15,466,481,452,497,462
2021/0/23 19:47:15,466,481,452,496,462
2021/0/23 19:47:16,466,481,452,497,462
2021/0/23 19:47:16,467,482,452,496,462
2021/0/23 19:47:17,467,482,452,496,463
2021/0/23 19:47:17,466,480,452,497,462
2021/0/23 19:47:18,466,480,452,496,462
2021/0/23 19:47:18,468,482,452,496,462
2021/0/23 19:47:19,467,482,452,496,463
2021/0/23 19:47:19,466,480,452,497,462
2021/0/23 19:47:20,466,480,452,496,462
2021/0/23 19:47:20,466,480,452,496,462
2021/0/23 19:47:21,465,481,452,496,462
2021/0/23 19:47:21,465,481,452,496,462
2021/0/23 19:47:22,466,480,452,496,463
2021/0/23 19:47:22,468,482,452,497,460
2021/0/23 19:47:23,466,480,452,496,462
2021/0/23 19:47:23,468,482,452,496,462
2021/0/23 19:47:24,466,480,452,496,462
2021/0/23 19:47:25,466,481,452,496,462
2021/0/23 19:47:25,466,481,452,496,462
2021/0/23 19:47:26,466,480,452,496,462
2021/0/23 19:47:26,466,480,452,496,462
2021/0/23 19:47:27,466,480,452,497,462
2021/0/23 19:47:27,468,482,452,496,462
2021/0/23 19:47:28,467,482,452,497,462
2021/0/23 19:47:28,465,480,452,497,462
2021/0/23 19:47:29,466,481,452,496,463
2021/0/23 19:47:29,465,480,452,496,462
2021/0/23 19:47:30,466,480,452,497,462
2021/0/23 19:47:30,466,481,452,497,462
2021/0/23 19:47:31,466,480,452,496,462
