
2021/0/23 19:50:38,466,480,453,497,462
2021/0/23 19:50:38,466,480,453,496,462
2021/0/23 19:50:39,466,480,453,496,462
2021/0/23 19:50:39,468,482,453,496,462
2021/0/23 19:50:40,468,482,452,496,462
2021/0/23 19:50:40,466,480,453,496,462
2021/0/23 19:50:41,465,480,452,496,462
2021/0/23 19:50:42,468,482,453,496,460
2021/0/23 19:50:42,468,482,453,496,462
2021/0/23 19:50:43,468,482,453,496,462
2021/0/23 19:50:43,466,480,453,496,462
2021/0/23 19:50:44,466,480,452,496,462
2021/0/23 19:50:44,466,480,453,497,462
2021/0/23 19:50:45,466,480,452,496,462
2021/0/23 19:50:45,466,480,452,496,462
2021/0/23 19:50:46,465,480,452,497,463
2021/0/23 19:50:46,465,480,453,496,462
2021/0/23 19:50:47,466,480,452,496,462
2021/0/23 19:50:47,466,480,453,496,462
2021/0/23 19:50:48,466,480,453,496,463
2021/0/23 19:50:48,466,480,452,496,462
2021/0/23 19:50:49,466,480,453,496,463
2021/0/23 19:50:49,466,480,453,496,462
2021/0/23 19:50:50,466,480,453,496,462
2021/0/23 19:50:50,468,482,453,496,462
2021/0/23 19:50:51,468,482,453,496,463
2021/0/23 19:50:51,468,482,452,496,460
2021/0/23 19:50:52,468,482,453,496,463
2021/0/23 19:50:52,468,482,453,496,462
2021/0/23 19:50:53,466,480,452,496,462
2021/0/23 19:50:53,466,480,452,496,462
2021/0/23 19:50:54,465,480,452,496,462
2021/0/23 19:50:55,466,480,452,496,462
2021/0/23 19:50:55,466,480,452,496,462
2021/0/23 19:50:56,466,480,453,496,462
2021/0/23 19:50:56,468,482,452,496,462
2021/0/23 19:50:57,468,482,453,496,462
2021/0/23 19:50:57,466,480,452,496,461
2021/0/23 19:50:58,466,480,453,496,462
2021/0/23 19:50:58,466,480,452,496,462
2021/0/23 19:50:59,466,480,452,496,462
2021/0/23 19:50:59,468,482,452,496,462
2021/0/23 19:51:0,468,482,452,496,462
2021/0/23 19:51:0,466,480,453,496,462
2021/0/23 19:51:1,466,480,452,496,463
2021/0/23 19:51:1,468,482,452,496,462
2021/0/23 19:51:2,466,480,453,496,462
2021/0/23 19:51:2,466,480,453,496,462
2021/0/23 19:51:3,466,480,452,496,462
2021/0/23 19:51:3,466,480,453,497,462
2021/0/23 19:51:4,466,480,453,496,462
2021/0/23 19:51:4,466,480,453,496,462
2021/0/23 19:51:5,466,480,453,497,462
2021/0/23 19:51:5,466,480,453,496,462
2021/0/23 19:51:6,466,480,453,497,462
2021/0/23 19:51:7,466,480,453,496,462
2021/0/23 19:51:7,466,480,453,496,462
2021/0/23 19:51:8,465,480,453,496,462
2021/0/23 19:51:8,466,480,452,496,462
2021/0/23 19:51:9,466,480,452,496,462
2021/0/23 19:51:9,468,482,453,496,462
2021/0/23 19:51:10,468,482,453,496,462
2021/0/23 19:51:10,468,482,452,496,461
2021/0/23 19:51:11,466,480,452,496,462
2021/0/23 19:51:11,468,482,453,496,460
2021/0/23 19:51:12,466,480,453,497,462
2021/0/23 19:51:12,466,480,453,496,462
2021/0/23 19:51:13,466,480,452,496,462
2021/0/23 19:51:13,466,480,452,496,462
2021/0/23 19:51:14,468,482,452,496,462
2021/0/23 19:51:14,468,482,452,496,462
2021/0/23 19:51:15,465,480,453,496,462
2021/0/23 19:51:15,466,480,453,496,463
2021/0/23 19:51:16,466,480,452,496,462
2021/0/23 19:51:16,466,480,452,496,462
2021/0/23 19:51:17,468,482,453,496,462
