
2021/0/23 19:52:13,466,480,451,496,463
2021/0/23 19:52:14,466,480,451,496,462
2021/0/23 19:52:14,465,480,451,496,462
2021/0/23 19:52:15,465,480,452,496,462
2021/0/23 19:52:15,466,480,451,496,463
2021/0/23 19:52:16,466,480,452,496,462
2021/0/23 19:52:16,466,480,451,496,462
2021/0/23 19:52:17,466,480,451,496,462
2021/0/23 19:52:17,466,480,452,496,462
2021/0/23 19:52:18,466,480,451,496,462
2021/0/23 19:52:19,466,480,452,496,462
2021/0/23 19:52:19,466,480,452,496,462
2021/0/23 19:52:20,466,480,452,496,463
2021/0/23 19:52:20,466,480,451,496,463
2021/0/23 19:52:21,466,480,451,496,462
2021/0/23 19:52:21,466,480,451,496,462
2021/0/23 19:52:22,467,482,451,496,461
2021/0/23 19:52:22,468,482,451,496,462
2021/0/23 19:52:23,468,482,451,496,460
2021/0/23 19:52:23,466,480,451,496,462
2021/0/23 19:52:24,466,480,451,496,461
2021/0/23 19:52:24,466,480,451,496,462
2021/0/23 19:52:25,466,480,452,496,462
2021/0/23 19:52:25,466,480,451,496,462
2021/0/23 19:52:26,466,480,452,496,462
2021/0/23 19:52:26,466,480,452,496,462
2021/0/23 19:52:27,466,480,451,496,462
2021/0/23 19:52:27,466,480,451,496,462
2021/0/23 19:52:28,466,480,452,496,462
2021/0/23 19:52:28,466,480,451,496,462
2021/0/23 19:52:29,466,480,451,496,462
2021/0/23 19:52:29,468,482,451,496,462
2021/0/23 19:52:30,468,481,452,496,462
2021/0/23 19:52:30,466,480,451,496,462
2021/0/23 19:52:31,466,480,451,496,462
2021/0/23 19:52:32,468,482,451,496,461
2021/0/23 19:52:32,466,480,451,496,462
2021/0/23 19:52:33,468,482,451,496,461
2021/0/23 19:52:33,466,480,452,496,462
2021/0/23 19:52:34,466,480,451,496,463
2021/0/23 19:52:34,466,480,452,496,462
2021/0/23 19:52:35,465,480,452,496,462
2021/0/23 19:52:35,466,480,452,496,461
2021/0/23 19:52:36,466,480,452,496,462
2021/0/23 19:52:36,466,480,452,496,462
2021/0/23 19:52:37,466,480,452,496,463
2021/0/23 19:52:37,466,480,451,496,462
2021/0/23 19:52:38,466,480,451,496,462
2021/0/23 19:52:38,467,482,451,496,462
2021/0/23 19:52:39,467,482,451,496,462
2021/0/23 19:52:39,468,482,452,496,462
2021/0/23 19:52:40,468,482,451,496,462
2021/0/23 19:52:40,466,480,451,496,462
2021/0/23 19:52:41,466,480,451,496,462
2021/0/23 19:52:41,467,482,452,496,459
2021/0/23 19:52:42,466,480,451,496,462
2021/0/23 19:52:42,466,480,451,496,463
2021/0/23 19:52:43,467,482,451,496,462
2021/0/23 19:52:44,468,481,451,496,462
2021/0/23 19:52:44,468,482,451,496,463
2021/0/23 19:52:45,468,482,452,496,462
2021/0/23 19:52:45,466,480,451,496,462
2021/0/23 19:52:46,466,480,452,496,462
2021/0/23 19:52:46,466,480,452,496,462
2021/0/23 19:52:47,466,480,452,496,462
2021/0/23 19:52:47,466,480,451,496,462
2021/0/23 19:52:48,465,480,452,496,462
2021/0/23 19:52:48,466,480,452,496,462
2021/0/23 19:52:49,466,480,451,496,463
2021/0/23 19:52:49,468,482,451,496,462
2021/0/23 19:52:50,467,482,451,496,462
2021/0/23 19:52:50,466,480,452,496,462
2021/0/23 19:52:51,466,480,451,496,462
2021/0/23 19:52:51,468,482,452,496,460
2021/0/23 19:52:52,466,480,452,496,462
2021/0/23 19:52:52,466,480,452,496,462
2021/0/23 19:52:53,468,481,451,496,462
2021/0/23 19:52:53,468,481,451,496,462
2021/0/23 19:52:54,466,480,452,496,462
2021/0/23 19:52:54,466,480,452,496,462
2021/0/23 19:52:55,466,480,452,496,462
2021/0/23 19:52:55,466,480,452,496,462
2021/0/23 19:52:56,466,480,451,496,462
2021/0/23 19:52:57,466,480,452,496,462
2021/0/23 19:52:57,468,482,452,496,462
2021/0/23 19:52:58,468,481,451,496,462
2021/0/23 19:52:58,468,482,451,496,462
2021/0/23 19:52:59,468,482,452,496,462
2021/0/23 19:52:59,466,480,452,496,462
2021/0/23 19:53:0,466,480,452,496,462
2021/0/23 19:53:0,466,480,451,496,462
2021/0/23 19:53:1,466,480,452,496,462
2021/0/23 19:53:1,467,482,452,496,461
2021/0/23 19:53:2,465,480,452,496,462
2021/0/23 19:53:2,466,480,452,496,462
2021/0/23 19:53:3,466,480,452,496,463
2021/0/23 19:53:3,465,480,451,496,462
2021/0/23 19:53:4,465,480,452,496,462
2021/0/23 19:53:4,466,480,451,496,462
2021/0/23 19:53:5,466,480,451,496,462
